0
1
4
7
22
32
34
36
40
42
47
54
58
59
60
66
67
68
73
86
108
117
120
123
134
138
145
150
153
161
165
167
170
173
180
183
186
189
193
196
213
224
225
231
236
240
246
249
266
269
271
272
281
288
292
297
303
304
305
319
321
322
331
338
342
343
345
353
356
358
369
381
383
385
389
391
392
394
395
397
401
408
412
415
418
419
420
427
435
440
444
445
459
460
463
464
467
470
474
479
480
484
486
493
494
499
501
503
515
516
519
526
527
528
531
535
541
543
544
545
549
550
553
555
556
558
561
567
570
580
582
587
593
596
598
601
608
609
616
618
623
624
627
628
630
633
634
635
639
643
648
650
655
656
664
665
673
676
681
689
691
696
697
702
703
706
710
712
718
720
724
725
729
730
731
733
735
740
742
744
745
747
750
752
754
760
764
775
776
777
780
784
786
787
789
790
793
803
807
810
818
827
828
834
835
836
841
842
847
848
855
857
858
860
865
868
869
872
885
888
892
895
898
899
904
908
909
910
920
925
940
947
952
958
961
966
967
970
972
975
978
983
987
998
999
1006
1007
1026
1032
1040
1043
1045
1046
1047
1052
1055
1058
1062
1063
1068
1082
1084
1112
1115
1124
1132
1137
1141
1165
1167
1168
1172
1174
1179
1186
1189
1193
1201
1204
1220
1222
1226
1227
1230
1233
1240
1241
1245
1252
1265
1266
1267
1269
1273
1277
1278
1282
1285
1287
1300
1303
1304
1311
1312
1315
1322
1331
1338
1341
1346
1356
1357
1366
1369
1371
1373
1381
1382
1383
1385
1397
1401
1415
1418
1421
1423
1429
1431
1435
1441
1443
1445
1446
1454
1455
1456
1459
1461
1465
1474
1482
1484
1485
1488
1490
1493
1494
1501
1503
1504
1511
1514
1516
1518
1519
1523
1526
1529
1531
1532
1536
1542
1553
1555
1559
1561
1568
1571
1577
1578
1582
1585
1589
1595
1597
1599
1601
1610
1619
1620
1623
1631
1635
1636
1638
1640
1647
1651
1653
1656
1657
1662
1664
1667
1676
1681
1683
1692
1695
1702
1706
1709
1714
1718
1720
1721
1725
1740
1745
1748
1758
1762
1763
1764
1769
1773
1774
1782
1784
1786
1793
1797
1806
1811
1813
1815
1817
1818
1821
1824
1828
1830
1836
1837
1838
1839
1845
1848
1851
1861
1876
1878
1885
1893
1899
1901
1906
1909
1910
1917
1922
1938
1942
1943
1947
1949
1959
1961
1969
1972
1973
1976
1981
1982
1987
1999
2000
2003
2026
2032
2033
2034
2036
2043
2045
2054
2060
2073
2095
2098
2101
2104
2106
2108
2127
2131
2139
2140
2142
2151
2158
2161
2176
2180
2184
2188
2189
2192
2193
2196
2199
2205
2207
2211
2214
2227
2235
2237
2240
2245
2246
2261
2265
2266
2272
2280
2282
2288
2295
2297
2301
2302
2303
2308
2310
2311
2312
2330
2335
2345
2348
2349
2359
2366
2367
2371
2372
2374
2385
2390
2394
2395
2405
2407
2411
2413
2418
2422
2428
2432
2446
2447
2448
2453
2454
2456
2461
2462
2463
2467
2469
2473
2477
2478
2479
2482
2483
2488
2489
2493
2499
2503
2504
2508
2509
2516
2519
2521
2522
2523
2529
2530
2531
2532
2544
2546
2557
2561
2567
2578
2580
2582
2587
2588
2597
2599
2600
2602
2614
2615
2616
2618
2620
2621
2622
2627
2638
2639
2648
2651
2653
2655
2659
2660
2664
2667
2673
2680
2681
2682
2683
2689
2692
2693
2696
2697
2700
2703
2712
2725
2729
2731
2735
2737
2740
2744
2745
2747
2748
2753
2757
2758
2760
2764
2772
2780
2781
2782
2784
2788
2791
2792
2796
2804
2811
2818
2823
2824
2826
2827
2834
2835
2836
2839
2842
2844
2848
2856
2858
2860
2865
2866
2868
2869
2870
2876
2878
2879
2881
2883
2884
2885
2891
2893
2898
2901
2904
2905
2907
2908
2909
2910
2911
2920
2924
2928
2930
2931
2934
2947
2950
2962
2964
2966
2967
2968
2970
2973
2976
2978
2982
2985
2987
2994
3003
3008
3025
3030
3032
3035
3036
3045
3046
3047
3053
3054
3064
3066
3068
3074
3085
3108
3114
3119
3124
3141
3156
3158
3167
3168
3170
3173
3174
3184
3187
3189
3191
3193
3197
3200
3214
3220
3227
3233
3242
3245
3246
3257
3261
3265
3266
3267
3278
3282
3283
3285
3286
3293
3299
3302
3304
3311
3313
3327
3330
3341
3347
3348
3353
3356
3358
3359
3368
3371
3373
3381
3389
3391
3394
3398
3406
3409
3411
3413
3414
3415
3421
3422
3424
3428
3433
3435
3438
3442
3443
3444
3445
3455
3458
3459
3460
3461
3467
3470
3477
3481
3484
3485
3486
3492
3493
3496
3498
3501
3503
3506
3511
3513
3515
3516
3519
3523
3524
3531
3534
3542
3544
3557
3564
3567
3570
3572
3577
3586
3591
3597
3609
3613
3615
3618
3620
3622
3623
3632
3633
3638
3639
3648
3651
3655
3657
3660
3673
3674
3676
3678
3681
3686
3691
3692
3698
3700
3701
3703
3705
3708
3715
3718
3721
3723
3725
3728
3729
3740
3742
3744
3750
3754
3756
3757
3758
3762
3766
3769
3773
3778
3782
3784
3790
3799
3801
3810
3812
3813
3818
3819
3822
3824
3827
3836
3838
3842
3843
3847
3848
3852
3855
3856
3859
3861
3862
3865
3872
3876
3892
3899
3901
3908
3909
3917
3919
3921
3924
3925
3927
3947
3949
3957
3962
3964
3969
3975
3978
3981
3984
4007
4014
4032
4041
4044
4045
4055
4058
4060
4065
4077
4110
4121
4126
4128
4143
4149
4158
4165
4170
4171
4185
4190
4193
4201
4203
4216
4226
4228
4231
4240
4241
4242
4243
4257
4265
4268
4271
4272
4277
4278
4282
4283
4295
4303
4310
4313
4321
4327
4337
4360
4362
4367
4385
4386
4389
4394
4395
4399
4403
4413
4414
4426
4427
4434
4435
4436
4440
4443
4451
4455
4460
4461
4463
4465
4473
4480
4481
4482
4484
4485
4490
4492
4493
4495
4502
4503
4505
4507
4508
4509
4510
4513
4519
4523
4524
4534
4539
4541
4542
4544
4549
4575
4578
4581
4582
4584
4585
4587
4589
4599
4600
4603
4605
4610
4611
4614
4618
4620
4622
4623
4626
4631
4632
4633
4638
4639
4643
4644
4646
4649
4650
4651
4652
4653
4655
4657
4658
4660
4667
4672
4673
4676
4678
4684
4686
4689
4692
4697
4704
4705
4706
4709
4712
4717
4729
4732
4733
4741
4743
4749
4762
4767
4772
4774
4775
4776
4778
4782
4785
4793
4795
4799
4808
4811
4813
4815
4817
4818
4821
4823
4824
4832
4835
4836
4838
4845
4848
4855
4856
4860
4862
4864
4879
4887
4893
4899
4900
4902
4905
4906
4907
4909
4911
4917
4920
4921
4925
4929
4934
4937
4944
4947
4949
4952
4962
4967
4968
4969
4970
4975
4978
5002
5016
5017
5021
5024
5026
5028
5030
5032
5034
5036
5038
5042
5054
5058
5062
5064
5066
5074
5077
5078
5101
5112
5113
5114
5120
5124
5158
5163
5167
5175
5177
5178
5188
5192
5205
5209
5215
5227
5228
5230
5248
5250
5262
5266
5267
5277
5282
5298
5302
5312
5323
5324
5327
5329
5336
5341
5342
5345
5348
5349
5353
5362
5381
5382
5385
5387
5400
5402
5406
5408
5409
5414
5415
5418
5424
5427
5432
5447
5455
5461
5465
5467
5468
5473
5477
5479
5482
5483
5487
5488
5492
5493
5497
5499
5503
5505
5507
5509
5511
5513
5524
5526
5528
5530
5531
5532
5536
5543
5544
5558
5563
5564
5572
5578
5582
5584
5590
5602
5613
5615
5619
5623
5631
5638
5641
5644
5656
5657
5660
5663
5664
5673
5675
5686
5689
5691
5695
5698
5700
5702
5705
5706
5708
5714
5716
5724
5725
5728
5729
5730
5731
5733
5736
5740
5745
5747
5754
5759
5761
5762
5767
5771
5773
5774
5778
5784
5786
5792
5794
5798
5808
5810
5813
5818
5825
5827
5834
5836
5837
5838
5840
5841
5842
5845
5847
5848
5850
5851
5855
5864
5869
5875
5876
5877
5879
5883
5885
5893
5898
5899
5906
5909
5910
5911
5914
5920
5921
5922
5930
5931
5935
5940
5947
5952
5963
5968
5976
5977
5983
5987
5999
6006
6010
6024
6027
6030
6038
6039
6041
6044
6045
6049
6058
6059
6062
6074
6083
6088
6106
6108
6113
6119
6143
6151
6152
6154
6159
6166
6168
6170
6176
6180
6185
6187
6189
6192
6194
6204
6211
6219
6224
6226
6230
6236
6237
6240
6248
6249
6256
6264
6265
6267
6271
6273
6277
6282
6285
6287
6290
6292
6298
6299
6304
6308
6312
6314
6318
6327
6330
6341
6342
6346
6349
6350
6356
6357
6358
6360
6374
6378
6381
6382
6385
6400
6402
6406
6408
6409
6411
6422
6429
6430
6433
6434
6435
6440
6448
6453
6455
6456
6462
6471
6477
6482
6488
6492
6493
6495
6497
6499
6501
6502
6507
6511
6513
6516
6519
6529
6530
6531
6532
6536
6542
6544
6551
6552
6553
6556
6558
6561
6563
6567
6572
6577
6581
6584
6585
6587
6588
6600
6609
6612
6617
6618
6620
6622
6626
6631
6633
6634
6641
6643
6653
6657
6664
6666
6676
6681
6682
6689
6691
6693
6698
6705
6709
6718
6725
6730
6735
6742
6744
6748
6750
6753
6759
6764
6768
6775
6777
6782
6786
6790
6791
6794
6795
6797
6799
6800
6809
6810
6813
6823
6824
6827
6831
6834
6835
6836
6837
6841
6845
6847
6848
6855
6860
6861
6865
6869
6876
6882
6885
6891
6893
6894
6897
6899
6901
6903
6906
6907
6908
6909
6911
6914
6915
6918
6921
6923
6924
6926
6931
6932
6935
6936
6947
6948
6957
6961
6968
6969
6978
6999
7002
7021
7026
7032
7035
7036
7037
7040
7046
7054
7059
7063
7064
7067
7073
7078
7081
7085
7097
7119
7126
7158
7159
7163
7165
7167
7168
7171
7172
7177
7185
7186
7187
7191
7193
7204
7210
7212
7226
7228
7231
7232
7238
7240
7248
7253
7254
7256
7264
7265
7266
7271
7273
7277
7279
7281
7282
7285
7287
7290
7291
7297
7299
7309
7311
7318
7319
7334
7341
7345
7346
7348
7356
7357
7358
7369
7373
7378
7379
7381
7398
7402
7409
7413
7415
7422
7424
7436
7438
7439
7440
7445
7452
7456
7460
7461
7463
7473
7474
7478
7479
7481
7482
7485
7486
7492
7493
7494
7497
7499
7500
7502
7503
7504
7506
7507
7509
7513
7520
7521
7524
7527
7530
7531
7533
7534
7536
7539
7541
7546
7550
7559
7563
7566
7572
7577
7582
7584
7585
7586
7589
7590
7595
7596
7599
7600
7603
7606
7616
7618
7619
7620
7623
7624
7626
7627
7629
7631
7632
7633
7634
7636
7638
7640
7643
7644
7650
7656
7657
7664
7666
7672
7678
7680
7681
7683
7687
7689
7690
7692
7704
7705
7706
7707
7711
7719
7721
7725
7727
7728
7733
7735
7737
7739
7740
7744
7745
7748
7755
7762
7765
7772
7774
7778
7782
7785
7787
7792
7797
7799
7806
7808
7810
7812
7818
7819
7826
7827
7830
7833
7836
7842
7856
7858
7862
7864
7867
7868
7869
7876
7879
7883
7891
7897
7898
7899
7902
7905
7906
7907
7910
7911
7917
7923
7924
7928
7929
7931
7932
7935
7944
7961
7966
7969
7973
7981
7982
7984
7987
7990
7999
8003
8004
8017
8019
8020
8026
8027
8036
8041
8042
8048
8054
8055
8057
8058
8059
8060
8062
8064
8066
8072
8081
8088
8098
8101
8103
8105
8111
8114
8150
8151
8165
8166
8167
8182
8187
8191
8197
8202
8205
8219
8227
8230
8231
8232
8235
8240
8245
8248
8260
8266
8268
8271
8272
8273
8276
8277
8282
8285
8287
8303
8305
8310
8311
8312
8314
8329
8338
8344
8345
8349
8353
8356
8358
8359
8363
8365
8373
8380
8390
8399
8400
8411
8412
8415
8418
8424
8434
8435
8436
8437
8438
8442
8445
8447
8448
8457
8459
8463
8464
8467
8469
8477
8478
8482
8483
8484
8486
8488
8492
8493
8495
8497
8498
8502
8503
8504
8505
8507
8510
8511
8523
8524
8526
8529
8531
8538
8539
8541
8542
8549
8567
8570
8572
8579
8582
8584
8587
8589
8594
8600
8602
8603
8610
8618
8620
8621
8622
8623
8633
8634
8635
8638
8639
8641
8643
8648
8650
8652
8653
8657
8658
8663
8664
8665
8666
8668
8684
8689
8690
8691
8692
8697
8705
8707
8709
8715
8724
8725
8728
8731
8733
8735
8736
8741
8742
8744
8747
8748
8752
8754
8764
8765
8767
8771
8777
8781
8782
8796
8797
8799
8806
8811
8813
8815
8818
8821
8826
8827
8830
8834
8835
8837
8842
8848
8860
8861
8869
8870
8872
8875
8876
8879
8881
8883
8884
8887
8889
8894
8898
8899
8902
8907
8908
8911
8914
8923
8924
8930
8931
8933
8939
8942
8947
8949
8961
8964
8966
8969
8970
8971
8975
8978
8987
8989
8990
9006
9007
9021
9034
9040
9045
9046
9049
9051
9058
9065
9068
9074
9086
9091
9097
9109
9110
9121
9123
9141
9153
9154
9165
9166
9167
9171
9176
9179
9186
9199
9202
9210
9221
9230
9236
9238
9240
9242
9246
9248
9250
9267
9271
9281
9291
9298
9301
9346
9349
9358
9359
9382
9385
9386
9390
9395
9400
9402
9403
9406
9414
9417
9421
9428
9432
9433
9438
9445
9446
9447
9452
9454
9459
9463
9468
9470
9478
9479
9482
9485
9491
9495
9498
9499
9501
9504
9505
9516
9527
9529
9531
9532
9541
9542
9543
9545
9546
9551
9567
9570
9574
9575
9582
9583
9584
9596
9599
9600
9614
9619
9626
9635
9638
9639
9643
9650
9655
9658
9659
9664
9666
9667
9675
9676
9678
9681
9682
9689
9692
9696
9702
9703
9707
9718
9725
9728
9729
9731
9732
9738
9740
9744
9745
9748
9750
9751
9754
9762
9764
9770
9773
9775
9776
9777
9780
9787
9794
9796
9799
9803
9806
9810
9815
9816
9818
9820
9822
9823
9827
9836
9837
9838
9841
9842
9846
9848
9852
9853
9855
9856
9861
9862
9865
9867
9868
9869
9877
9881
9883
9885
9886
9888
9893
9898
9899
9904
9905
9906
9907
9909
9919
9921
9923
9926
9928
9930
9939
9943
9944
9947
9960
9961
9962
9964
9968
9973
9977
9978
9979
9982
9996
9997
9998
9999
10000
10012
10021
10034
10036
10047
10049
10050
10058
10060
10067
10068
10073
10074
10082
10085
10106
10107
10110
10111
10112
10119
10122
10123
10132
10154
10163
10166
10167
10179
10183
10184
10187
10188
10190
10193
10196
10197
10198
10199
10200
10201
10202
10220
10222
10230
10231
10233
10240
10242
10246
10249
10262
10265
10266
10272
10279
10282
10286
10288
10303
10304
10308
10310
10315
10335
10336
10345
10349
10353
10356
10358
10359
10371
10389
10391
10399
10400
10410
10412
10414
10415
10418
10422
10424
10434
10443
10451
10452
10454
10456
10459
10462
10464
10468
10470
10471
10475
10478
10479
10481
10482
10485
10488
10492
10493
10498
10499
10501
10513
10517
10520
10527
10529
10531
10532
10536
10542
10543
10546
10549
10558
10559
10572
10582
10589
10593
10596
10601
10603
10608
10611
10616
10617
10619
10622
10623
10638
10639
10641
10643
10646
10647
10648
10652
10657
10658
10662
10663
10671
10674
10677
10679
10681
10683
10689
10693
10695
10697
10698
10699
10701
10703
10711
10712
10714
10718
10720
10722
10725
10728
10733
10734
10740
10741
10744
10753
10763
10767
10775
10782
10783
10784
10785
10786
10791
10793
10795
10804
10808
10809
10810
10811
10813
10818
10823
10824
10826
10828
10830
10834
10836
10837
10839
10841
10842
10846
10847
10851
10854
10862
10868
10879
10885
10891
10892
10893
10897
10899
10901
10905
10906
10911
10914
10919
10924
10928
10930
10935
10950
10951
10959
10960
10961
10968
10969
10970
10978
10987
10998
10999
11001
11006
11016
11020
11035
11036
11040
11043
11044
11049
11054
11056
11059
11064
11065
11066
11073
11074
11076
11077
11112
11116
11117
11124
11125
11151
11158
11161
11167
11180
11187
11194
11195
11202
11216
11218
11233
11235
11237
11246
11267
11271
11276
11280
11285
11290
11302
11303
11306
11310
11311
11312
11313
11316
11329
11335
11354
11369
11378
11399
11408
11410
11413
11414
11415
11427
11428
11429
11436
11441
11453
11454
11459
11463
11467
11468
11470
11473
11474
11479
11481
11482
11485
11488
11490
11501
11504
11509
11511
11513
11514
11517
11519
11523
11526
11531
11536
11540
11541
11542
11543
11549
11556
11559
11562
11579
11584
11585
11587
11590
11596
11598
11600
11609
11620
11622
11632
11638
11641
11643
11647
11650
11651
11653
11656
11657
11663
11664
11665
11673
11678
11689
11691
11692
11699
11702
11705
11711
11717
11718
11720
11725
11728
11733
11737
11740
11742
11745
11749
11750
11757
11762
11765
11768
11771
11784
11792
11799
11803
11804
11806
11807
11809
11810
11817
11818
11822
11825
11831
11835
11841
11846
11848
11851
11852
11856
11857
11864
11868
11872
11875
11876
11882
11883
11885
11890
11891
11892
11897
11899
11901
11905
11907
11909
11911
11921
11928
11930
11931
11939
11940
11944
11949
11958
11961
11962
11964
11967
11968
11972
11978
11979
11996
11999
12002
12003
12005
12030
12032
12037
12044
12046
12048
12055
12065
12070
12072
12073
12075
12095
12099
12101
12103
12108
12112
12113
12134
12140
12151
12158
12163
12164
12166
12167
12178
12179
12180
12185
12190
12192
12193
12200
12203
12204
12205
12206
12211
12215
12224
12226
12238
12241
12271
12272
12277
12280
12282
12286
12287
12308
12309
12310
12334
12341
12343
12344
12345
12348
12353
12355
12359
12368
12369
12370
12373
12374
12375
12377
12379
12380
12384
12385
12390
12397
12399
12403
12407
12414
12415
12419
12423
12431
12434
12436
12447
12451
12455
12461
12463
12464
12467
12470
12473
12477
12480
12482
12488
12491
12493
12494
12499
12503
12505
12506
12508
12510
12516
12526
12530
12534
12539
12543
12544
12549
12551
12556
12558
12563
12568
12574
12577
12579
12581
12584
12590
12597
12598
12599
12600
12606
12608
12611
12618
12619
12620
12623
12631
12632
12635
12637
12638
12643
12644
12648
12650
12651
12652
12658
12660
12663
12664
12673
12675
12676
12686
12692
12693
12697
12703
12705
12707
12710
12712
12720
12728
12730
12732
12733
12736
12737
12738
12741
12743
12745
12746
12748
12749
12750
12751
12753
12754
12758
12762
12763
12764
12765
12769
12770
12772
12773
12774
12777
12778
12779
12782
12787
12790
12793
12798
12801
12804
12808
12810
12813
12818
12824
12826
12828
12833
12836
12845
12848
12865
12868
12875
12876
12887
12888
12891
12892
12893
12894
12897
12899
12904
12906
12907
12911
12914
12929
12930
12935
12939
12940
12941
12943
12946
12947
12960
12961
12966
12968
12975
12977
12978
12979
12981
12983
12987
12990
12998
12999
13007
13016
13018
13026
13027
13029
13034
13035
13036
13040
13042
13046
13050
13051
13060
13064
13067
13073
13074
13079
13086
13108
13111
13116
13119
13120
13121
13124
13140
13151
13152
13155
13163
13166
13170
13172
13175
13179
13180
13182
13186
13193
13196
13200
13206
13207
13219
13225
13227
13230
13231
13240
13241
13246
13249
13250
13257
13261
13277
13280
13282
13285
13290
13294
13296
13297
13302
13311
13312
13313
13315
13316
13337
13345
13349
13350
13352
13353
13369
13371
13378
13380
13382
13383
13384
13386
13390
13391
13400
13408
13411
13414
13415
13419
13422
13423
13429
13432
13435
13436
13437
13438
13443
13445
13447
13449
13454
13456
13458
13459
13460
13462
13463
13465
13469
13470
13471
13474
13477
13481
13482
13490
13493
13494
13498
13501
13502
13503
13504
13507
13516
13519
13523
13524
13528
13529
13530
13533
13534
13539
13541
13543
13546
13557
13563
13564
13566
13567
13570
13584
13589
13591
13592
13593
13597
13598
13599
13601
13605
13606
13616
13618
13620
13622
13623
13624
13626
13631
13633
13635
13638
13639
13648
13650
13651
13653
13656
13658
13663
13670
13675
13678
13681
13683
13689
13696
13699
13705
13709
13710
13711
13712
13713
13714
13716
13718
13723
13725
13727
13728
13729
13735
13736
13744
13752
13753
13759
13761
13764
13766
13767
13770
13771
13772
13774
13782
13784
13787
13790
13795
13799
13806
13807
13809
13810
13811
13817
13818
13823
13824
13827
13835
13836
13840
13844
13845
13846
13850
13858
13860
13866
13867
13871
13876
13885
13887
13892
13895
13898
13905
13906
13908
13911
13912
13916
13917
13923
13924
13928
13931
13932
13938
13947
13967
13971
13973
13975
13977
13982
13987
13997
14001
14002
14003
14005
14010
14021
14030
14034
14035
14036
14038
14040
14043
14044
14046
14049
14050
14056
14060
14062
14064
14066
14074
14077
14078
14082
14085
14099
14101
14103
14111
14112
14122
14126
14133
14146
14151
14159
14162
14166
14170
14174
14175
14176
14178
14185
14187
14195
14209
14213
14214
14215
14227
14239
14240
14241
14242
14243
14246
14248
14250
14260
14264
14266
14267
14270
14272
14277
14278
14281
14282
14304
14308
14315
14318
14326
14328
14329
14330
14344
14348
14349
14351
14356
14358
14365
14369
14380
14381
14383
14389
14400
14413
14415
14417
14418
14430
14431
14433
14434
14435
14438
14440
14441
14442
14444
14447
14451
14453
14456
14460
14464
14465
14467
14469
14470
14477
14482
14483
14485
14488
14489
14491
14499
14501
14502
14504
14509
14513
14519
14521
14525
14526
14530
14534
14536
14546
14547
14558
14566
14567
14584
14585
14593
14596
14597
14598
14602
14613
14615
14618
14619
14620
14630
14631
14632
14635
14637
14638
14639
14641
14642
14649
14650
14652
14656
14663
14664
14667
14671
14675
14676
14681
14684
14689
14691
14697
14698
14701
14704
14705
14706
14721
14722
14723
14725
14728
14733
14742
14744
14747
14748
14754
14760
14762
14764
14767
14782
14784
14787
14790
14792
14798
14805
14808
14810
14811
14813
14818
14824
14827
14836
14837
14838
14841
14842
14843
14844
14848
14857
14860
14861
14867
14871
14875
14876
14879
14883
14885
14887
14893
14896
14899
14904
14905
14907
14908
14909
14911
14914
14928
14929
14930
14935
14940
14941
14943
14951
14958
14960
14961
14967
14968
14969
14975
14977
14978
14982
14987
14998
15008
15015
15035
15038
15042
15044
15051
15052
15054
15055
15058
15060
15064
15068
15073
15079
15091
15101
15106
15120
15124
15134
15136
15140
15150
15158
15167
15174
15175
15180
15188
15193
15197
15199
15200
15201
15202
15209
15215
15221
15227
15230
15238
15240
15248
15262
15264
15269
15271
15272
15279
15280
15282
15287
15303
15311
15313
15318
15328
15334
15335
15340
15341
15348
15349
15355
15358
15359
15360
15363
15365
15373
15374
15377
15381
15383
15385
15395
15399
15400
15406
15412
15413
15414
15419
15426
15428
15434
15435
15437
15443
15445
15453
15454
15461
15462
15464
15465
15466
15469
15479
15482
15483
15484
15485
15487
15488
15490
15494
15495
15499
15501
15503
15504
15506
15514
15524
15528
15530
15531
15536
15543
15549
15550
15551
15557
15562
15567
15573
15577
15578
15579
15582
15587
15590
15596
15598
15600
15601
15602
15603
15618
15623
15628
15629
15633
15634
15636
15637
15638
15641
15642
15643
15647
15648
15650
15651
15652
15653
15655
15657
15673
15675
15677
15678
15680
15681
15683
15686
15691
15692
15697
15702
15703
15706
15708
15712
15719
15725
15729
15731
15733
15737
15744
15749
15750
15762
15764
15774
15778
15779
15782
15784
15794
15796
15797
15798
15799
15809
15810
15817
15818
15819
15827
15828
15829
15834
15838
15839
15845
15847
15848
15849
15851
15854
15855
15856
15860
15865
15877
15878
15883
15885
15887
15891
15893
15895
15898
15899
15904
15906
15908
15909
15911
15913
15919
15923
15929
15934
15935
15947
15954
15959
15960
15961
15962
15968
15975
15977
15983
15987
15988
15997
15999
16003
16012
16018
16020
16027
16032
16040
16050
16055
16060
16061
16062
16064
16066
16068
16073
16097
16099
16105
16111
16112
16114
16151
16153
16161
16163
16166
16167
16168
16170
16173
16179
16183
16200
16202
16204
16205
16217
16230
16233
16235
16240
16243
16249
16257
16264
16265
16277
16280
16285
16290
16298
16301
16307
16309
16314
16315
16337
16344
16345
16353
16358
16359
16366
16380
16384
16390
16396
16401
16408
16414
16422
16427
16434
16435
16441
16443
16445
16446
16447
16452
16456
16457
16460
16461
16464
16468
16474
16479
16481
16482
16483
16485
16489
16496
16499
16501
16503
16504
16506
16516
16524
16526
16529
16531
16534
16539
16540
16541
16542
16552
16574
16581
16582
16584
16589
16590
16592
16599
16610
16614
16618
16623
16630
16636
16638
16644
16645
16656
16657
16660
16662
16673
16674
16684
16689
16695
16698
16702
16703
16707
16708
16709
16711
16714
16717
16723
16724
16728
16732
16733
16744
16747
16750
16751
16753
16759
16760
16762
16764
16765
16768
16772
16775
16782
16784
16787
16794
16796
16798
16799
16802
16806
16807
16812
16813
16817
16819
16820
16827
16828
16830
16834
16839
16841
16842
16843
16844
16848
16851
16852
16855
16859
16860
16864
16876
16883
16886
16887
16893
16895
16896
16899
16903
16905
16907
16909
16910
16911
16913
16921
16922
16930
16931
16935
16937
16939
16943
16949
16950
16954
16957
16958
16960
16961
16970
16978
16980
16983
16999
17001
17004
17021
17032
17034
17035
17036
17040
17046
17052
17056
17057
17059
17066
17073
17119
17120
17126
17128
17140
17150
17151
17163
17181
17185
17186
17206
17222
17226
17230
17233
17241
17245
17250
17256
17260
17271
17272
17273
17277
17278
17281
17282
17283
17285
17288
17297
17303
17304
17322
17331
17346
17349
17355
17356
17358
17368
17374
17380
17381
17386
17388
17395
17401
17405
17406
17412
17413
17414
17415
17418
17423
17433
17434
17442
17445
17456
17460
17461
17465
17466
17467
17468
17469
17473
17478
17479
17481
17482
17488
17493
17502
17509
17512
17517
17526
17528
17536
17538
17539
17548
17549
17550
17556
17558
17559
17562
17571
17572
17577
17582
17585
17587
17588
17589
17591
17592
17593
17599
17600
17609
17610
17618
17619
17620
17623
17624
17627
17633
17638
17639
17647
17651
17653
17657
17664
17676
17677
17678
17681
17687
17692
17697
17702
17706
17708
17710
17717
17718
17723
17728
17731
17740
17741
17742
17744
17748
17750
17756
17764
17770
17771
17772
17774
17775
17776
17777
17782
17786
17787
17791
17796
17799
17800
17809
17810
17811
17813
17827
17832
17836
17840
17843
17844
17845
17851
17852
17856
17860
17864
17868
17869
17872
17876
17879
17881
17887
17889
17894
17896
17899
17905
17909
17911
17931
17947
17949
17960
17966
17968
17975
17978
17985
18005
18007
18026
18031
18033
18035
18039
18040
18049
18050
18056
18058
18059
18060
18062
18063
18065
18066
18073
18078
18082
18089
18097
18099
18106
18118
18121
18122
18123
18128
18140
18146
18159
18162
18163
18167
18171
18172
18175
18179
18180
18183
18184
18187
18188
18190
18193
18200
18205
18219
18220
18221
18226
18240
18248
18249
18252
18257
18260
18263
18265
18266
18267
18270
18271
18287
18302
18303
18304
18309
18311
18315
18317
18319
18323
18335
18341
18349
18353
18357
18358
18359
18368
18369
18371
18378
18381
18382
18391
18392
18396
18406
18409
18412
18413
18419
18424
18428
18435
18439
18440
18445
18449
18451
18452
18459
18461
18469
18473
18474
18478
18479
18481
18493
18494
18496
18500
18505
18506
18507
18508
18510
18511
18516
18519
18523
18528
18529
18541
18543
18546
18549
18551
18556
18558
18559
18560
18562
18563
18572
18574
18577
18578
18580
18582
18584
18586
18589
18590
18597
18600
18601
18603
18605
18606
18615
18617
18618
18619
18620
18624
18626
18627
18629
18630
18635
18639
18641
18644
18649
18655
18656
18657
18658
18664
18665
18671
18673
18675
18676
18678
18680
18681
18689
18692
18695
18696
18697
18698
18706
18707
18710
18711
18718
18719
18725
18728
18733
18736
18740
18743
18749
18750
18751
18754
18757
18759
18760
18762
18764
18775
18781
18782
18784
18786
18787
18792
18795
18802
18804
18806
18807
18808
18809
18810
18811
18818
18824
18826
18827
18833
18835
18836
18837
18838
18845
18851
18855
18857
18861
18868
18869
18876
18883
18884
18886
18888
18889
18891
18897
18899
18905
18906
18911
18921
18923
18930
18931
18932
18939
18940
18947
18949
18958
18962
18965
18968
18972
18975
18976
18978
18981
18982
18992
18997
18998
19003
19008
19013
19015
19031
19032
19035
19036
19040
19043
19046
19047
19053
19055
19060
19062
19064
19066
19067
19070
19073
19080
19082
19097
19107
19108
19114
19119
19125
19144
19146
19152
19157
19163
19165
19167
19175
19179
19187
19190
19199
19201
19202
19204
19207
19213
19217
19227
19229
19231
19237
19240
19250
19262
19271
19282
19285
19286
19288
19289
19290
19295
19302
19307
19308
19311
19347
19358
19359
19362
19363
19368
19371
19374
19378
19389
19394
19398
19406
19411
19413
19419
19423
19426
19427
19434
19435
19438
19442
19445
19446
19450
19460
19462
19477
19481
19482
19484
19485
19489
19493
19495
19501
19509
19514
19515
19516
19519
19521
19523
19524
19526
19527
19531
19532
19539
19543
19546
19549
19575
19580
19591
19592
19593
19599
19600
19608
19609
19613
19618
19620
19623
19624
19630
19631
19632
19633
19634
19635
19637
19638
19643
19647
19652
19653
19654
19656
19658
19663
19673
19675
19676
19678
19681
19691
19699
19703
19705
19708
19711
19715
19721
19733
19734
19738
19743
19748
19754
19758
19764
19767
19770
19772
19775
19778
19780
19782
19786
19787
19790
19797
19799
19806
19810
19811
19813
19817
19818
19830
19837
19838
19841
19842
19848
19849
19850
19851
19852
19853
19855
19857
19860
19861
19864
19865
19868
19869
19876
19882
19885
19887
19888
19889
19904
19906
19909
19911
19912
19918
19921
19925
19930
19935
19945
19946
19947
19948
19949
19952
19957
19960
19961
19964
19965
19968
19969
19970
19992
19998
19999
20004
20010
20023
20030
20034
20043
20046
20049
20054
20055
20058
20060
20064
20066
20071
20072
20078
20101
20104
20107
20109
20117
20120
20126
20137
20151
20155
20158
20163
20164
20165
20166
20170
20179
20183
20188
20191
20204
20207
20212
20219
20220
20222
20235
20240
20242
20248
20264
20265
20271
20277
20278
20282
20284
20285
20295
20297
20298
20302
20303
20310
20313
20315
20326
20349
20356
20358
20359
20365
20373
20374
20377
20381
20386
20394
20400
20406
20412
20413
20414
20415
20418
20421
20427
20433
20440
20443
20457
20461
20463
20464
20469
20470
20473
20477
20479
20485
20492
20494
20497
20498
20500
20504
20506
20511
20514
20515
20517
20519
20520
20521
20523
20524
20529
20530
20534
20538
20539
20541
20543
20547
20549
20558
20559
20561
20567
20568
20571
20577
20578
20579
20584
20585
20587
20588
20591
20593
20600
20613
20614
20616
20617
20619
20620
20624
20627
20633
20634
20635
20636
20638
20639
20652
20654
20655
20657
20663
20664
20673
20677
20683
20689
20690
20691
20692
20696
20700
20706
20711
20714
20715
20719
20724
20728
20731
20733
20736
20739
20740
20743
20744
20751
20753
20754
20764
20766
20772
20777
20782
20786
20789
20790
20797
20798
20799
20808
20810
20811
20813
20819
20824
20826
20827
20830
20831
20837
20838
20841
20847
20850
20852
20853
20860
20863
20864
20865
20868
20869
20873
20875
20876
20879
20882
20883
20885
20894
20897
20899
20901
20905
20906
20909
20921
20924
20928
20943
20947
20954
20955
20960
20963
20967
20968
20969
20973
20977
20978
20980
20981
20987
20992
20993
20999
21004
21005
21007
21010
21014
21016
21017
21025
21026
21029
21032
21035
21036
21037
21039
21040
21041
21052
21054
21055
21056
21059
21060
21072
21091
21101
21114
21118
21119
21120
21124
21147
21152
21157
21158
21167
21170
21172
21173
21189
21191
21193
21196
21199
21201
21202
21209
21212
21216
21219
21230
21231
21232
21236
21238
21240
21242
21243
21244
21246
21265
21266
21270
21271
21273
21276
21284
21290
21297
21298
21307
21311
21312
21317
21328
21330
21338
21348
21359
21363
21366
21368
21369
21371
21380
21390
21400
21403
21406
21407
21412
21413
21414
21415
21418
21421
21422
21426
21427
21431
21437
21443
21446
21459
21462
21464
21465
21477
21478
21479
21481
21482
21492
21493
21497
21499
21501
21504
21506
21508
21515
21517
21520
21524
21526
21530
21531
21534
21542
21548
21552
21563
21567
21568
21571
21572
21575
21578
21580
21585
21589
21590
21596
21599
21600
21601
21603
21608
21623
21631
21633
21638
21639
21643
21646
21650
21651
21653
21657
21663
21664
21667
21671
21673
21675
21676
21679
21681
21682
21687
21689
21691
21696
21697
21700
21705
21706
21708
21709
21712
21714
21725
21727
21728
21729
21731
21735
21737
21744
21745
21748
21764
21765
21770
21775
21776
21778
21782
21784
21791
21792
21793
21796
21801
21804
21806
21807
21818
21819
21821
21824
21825
21827
21832
21833
21837
21839
21841
21843
21848
21850
21859
21860
21868
21871
21875
21876
21880
21883
21884
21885
21887
21893
21894
21898
21899
21901
21902
21906
21911
21913
21914
21917
21930
21947
21950
21957
21960
21961
21966
21970
21972
21976
21977
21978
21983
21987
21998
21999
22020
22021
22027
22034
22040
22050
22053
22060
22062
22066
22082
22086
22099
22100
22109
22112
22113
22114
22119
22120
22127
22142
22151
22155
22162
22165
22167
22172
22175
22187
22193
22200
22202
22214
22231
22234
22235
22237
22238
22240
22246
22250
22277
22280
22282
22301
22302
22303
22311
22314
22320
22337
22338
22345
22350
22352
22359
22365
22368
22369
22372
22378
22379
22381
22388
22394
22399
22411
22413
22415
22418
22421
22422
22427
22431
22434
22436
22444
22445
22451
22453
22454
22455
22456
22465
22469
22471
22473
22479
22480
22482
22484
22488
22489
22490
22493
22498
22501
22504
22505
22507
22509
22513
22523
22526
22527
22529
22549
22550
22552
22553
22558
22566
22567
22571
22572
22574
22575
22579
22581
22585
22589
22590
22596
22597
22598
22600
22618
22620
22622
22623
22626
22629
22631
22636
22638
22639
22643
22647
22652
22654
22655
22657
22660
22662
22663
22664
22665
22673
22675
22677
22678
22686
22689
22695
22696
22698
22700
22706
22710
22713
22714
22720
22721
22728
22731
22733
22740
22744
22748
22750
22756
22758
22764
22772
22776
22782
22784
22792
22793
22794
22799
22808
22815
22827
22828
22830
22832
22836
22837
22841
22846
22850
22855
22856
22857
22860
22862
22864
22872
22875
22876
22878
22883
22885
22889
22892
22897
22901
22902
22906
22908
22911
22912
22917
22919
22921
22923
22924
22935
22942
22943
22951
22963
22968
22970
22971
22972
22977
22979
22987
22994
22997
22999
23005
23008
23017
23028
23034
23036
23037
23040
23046
23053
23055
23056
23065
23066
23067
23072
23073
23077
23082
23086
23088
23095
23099
23101
23106
23122
23126
23128
23156
23158
23167
23171
23175
23178
23186
23187
23193
23194
23196
23199
23200
23201
23208
23210
23211
23222
23234
23240
23241
23243
23246
23248
23252
23260
23268
23272
23274
23278
23282
23285
23302
23305
23309
23316
23319
23327
23328
23340
23341
23345
23352
23353
23369
23370
23371
23379
23380
23381
23386
23391
23397
23409
23414
23415
23418
23423
23426
23427
23434
23436
23438
23439
23446
23447
23454
23457
23461
23465
23469
23473
23474
23478
23479
23480
23484
23485
23489
23490
23494
23495
23497
23499
23500
23501
23504
23508
23514
23519
23522
23523
23524
23525
23526
23531
23534
23541
23542
23544
23549
23556
23558
23566
23578
23584
23588
23589
23593
23599
23600
23608
23609
23618
23619
23620
23624
23626
23631
23634
23636
23638
23644
23646
23657
23659
23661
23662
23663
23664
23665
23667
23669
23673
23681
23683
23691
23695
23698
23702
23703
23708
23709
23710
23718
23725
23729
23730
23733
23742
23744
23745
23747
23748
23754
23762
23774
23776
23784
23788
23797
23799
23810
23811
23817
23818
23820
23824
23827
23833
23834
23836
23837
23838
23839
23847
23848
23849
23851
23855
23860
23861
23865
23876
23877
23879
23883
23885
23890
23894
23901
23902
23907
23912
23917
23924
23925
23931
23936
23937
23947
23949
23950
23953
23959
23960
23961
23962
23968
23976
23981
23983
23989
23999
24005
24014
24017
24027
24032
24040
24043
24044
24046
24049
24054
24055
24056
24057
24059
24065
24066
24068
24078
24091
24101
24105
24106
24108
24115
24124
24133
24134
24141
24166
24167
24173
24175
24182
24184
24186
24187
24193
24194
24204
24207
24210
24226
24227
24234
24235
24240
24242
24244
24248
24250
24261
24264
24268
24269
24276
24278
24282
24299
24302
24303
24311
24312
24315
24319
24323
24328
24335
24337
24341
24352
24355
24356
24370
24383
24389
24400
24402
24406
24407
24412
24414
24415
24424
24429
24434
24435
24438
24441
24446
24450
24453
24454
24459
24460
24464
24465
24471
24477
24484
24491
24492
24493
24497
24498
24499
24501
24502
24504
24509
24510
24511
24514
24516
24517
24520
24522
24523
24524
24527
24530
24531
24535
24538
24543
24545
24551
24556
24566
24571
24572
24576
24578
24580
24582
24585
24588
24596
24600
24602
24610
24618
24619
24620
24624
24625
24627
24629
24633
24636
24637
24638
24642
24644
24647
24648
24652
24653
24654
24660
24664
24667
24671
24673
24682
24687
24689
24692
24697
24700
24710
24712
24717
24719
24720
24721
24725
24728
24731
24737
24740
24744
24745
24747
24751
24753
24757
24758
24759
24762
24773
24774
24776
24778
24782
24784
24785
24786
24792
24794
24795
24798
24799
24804
24809
24810
24811
24813
24814
24817
24818
24823
24827
24830
24831
24836
24841
24842
24843
24844
24845
24848
24856
24857
24862
24864
24869
24873
24876
24877
24885
24892
24893
24898
24899
24903
24906
24909
24911
24923
24925
24928
24929
24934
24935
24936
24941
24944
24948
24957
24958
24960
24961
24964
24968
24976
24977
24980
24987
24993
24999
25003
25007
25021
25026
25034
25043
25046
25047
25057
25064
25066
25067
25068
25073
25081
25087
25118
25124
25147
25149
25158
25167
25170
25176
25180
25193
25196
25197
25202
25210
25211
25214
25222
25230
25233
25236
25238
25240
25242
25246
25247
25248
25263
25264
25265
25266
25270
25272
25282
25283
25289
25294
25300
25303
25304
25305
25307
25308
25326
25335
25344
25345
25347
25349
25358
25359
25362
25380
25385
25386
25393
25395
25396
25398
25399
25400
25402
25407
25408
25409
25412
25413
25414
25415
25417
25418
25419
25423
25424
25435
25445
25447
25454
25456
25463
25464
25469
25470
25481
25482
25493
25499
25501
25504
25505
25509
25511
25514
25515
25516
25517
25518
25520
25524
25525
25527
25531
25534
25541
25543
25550
25556
25558
25560
25564
25565
25567
25572
25573
25578
25582
25584
25585
25586
25589
25591
25592
25599
25600
25601
25605
25618
25619
25620
25622
25623
25626
25632
25638
25644
25653
25656
25657
25664
25666
25673
25676
25681
25692
25693
25696
25702
25705
25712
25715
25720
25723
25734
25744
25745
25748
25757
25760
25764
25771
25774
25775
25778
25779
25782
25784
25787
25789
25797
25798
25799
25810
25813
25817
25818
25825
25830
25834
25835
25836
25837
25838
25840
25842
25843
25845
25848
25851
25858
25859
25861
25864
25865
25884
25889
25895
25906
25907
25908
25913
25917
25923
25928
25939
25947
25949
25959
25961
25962
25963
25969
25970
25971
25972
25975
25976
25977
25980
25991
25992
25993
25997
25998
26007
26027
26032
26034
26036
26044
26054
26059
26060
26061
26064
26065
26068
26073
26074
26075
26086
26099
26119
26121
26130
26135
26151
26152
26159
26160
26163
26165
26166
26167
26173
26174
26180
26187
26188
26189
26190
26192
26193
26197
26203
26212
26218
26219
26220
26224
26227
26230
26231
26240
26242
26244
26246
26252
26260
26265
26266
26269
26271
26277
26278
26282
26294
26298
26302
26304
26305
26312
26313
26314
26318
26331
26341
26344
26346
26352
26353
26355
26356
26358
26359
26368
26380
26381
26385
26395
26397
26399
26400
26409
26410
26411
26412
26415
26416
26418
26421
26428
26432
26434
26435
26437
26438
26452
26455
26459
26460
26461
26465
26469
26477
26482
26483
26485
26488
26493
26494
26496
26499
26505
26506
26509
26516
26519
26520
26524
26526
26529
26531
26534
26536
26539
26541
26544
26548
26553
26557
26559
26560
26563
26566
26572
26577
26583
26586
26588
26589
26591
26598
26600
26608
26615
26619
26620
26621
26623
26632
26633
26638
26639
26643
26644
26650
26651
26652
26665
26667
26671
26677
26681
26683
26689
26692
26699
26700
26702
26706
26712
26716
26718
26720
26728
26729
26730
26731
26732
26734
26736
26742
26744
26748
26751
26754
26762
26768
26772
26776
26797
26798
26799
26800
26803
26813
26815
26818
26819
26828
26829
26831
26833
26834
26836
26837
26839
26842
26845
26848
26852
26856
26857
26859
26860
26862
26865
26868
26869
26871
26872
26876
26878
26879
26885
26887
26888
26889
26890
26891
26896
26899
26901
26905
26906
26908
26909
26910
26914
26917
26921
26923
26924
26929
26932
26947
26960
26969
26975
26976
26982
26987
26997
26998
27002
27027
27032
27033
27035
27036
27038
27040
27047
27059
27060
27065
27066
27068
27070
27074
27077
27104
27108
27119
27120
27123
27126
27128
27149
27150
27151
27155
27156
27158
27163
27167
27168
27170
27172
27173
27187
27198
27201
27202
27204
27208
27217
27228
27240
27242
27245
27271
27272
27277
27278
27282
27288
27302
27304
27311
27312
27317
27319
27349
27356
27357
27358
27360
27371
27373
27374
27380
27383
27390
27400
27401
27402
27408
27411
27412
27413
27415
27418
27422
27428
27436
27438
27440
27444
27445
27446
27447
27448
27452
27456
27457
27459
27461
27462
27465
27466
27474
27481
27485
27487
27488
27493
27494
27495
27498
27499
27501
27502
27519
27527
27531
27542
27544
27551
27552
27555
27556
27557
27558
27559
27567
27570
27577
27581
27582
27583
27584
27585
27588
27590
27596
27602
27607
27608
27613
27614
27620
27622
27623
27629
27634
27636
27638
27639
27650
27651
27652
27653
27656
27657
27660
27662
27663
27665
27673
27675
27677
27680
27681
27686
27689
27692
27695
27696
27705
27706
27707
27710
27726
27729
27733
27740
27742
27743
27744
27750
27754
27761
27762
27764
27769
27775
27776
27781
27782
27789
27794
27798
27799
27804
27807
27808
27810
27813
27816
27817
27821
27823
27835
27836
27838
27842
27844
27845
27848
27851
27854
27855
27857
27860
27862
27878
27880
27887
27888
27889
27892
27893
27898
27899
27902
27905
27906
27911
27923
27926
27930
27931
27932
27938
27943
27950
27951
27953
27960
27961
27962
27964
27966
27968
27970
27977
27978
27979
27983
27998
28005
28026
28033
28035
28036
28042
28046
28059
28062
28065
28072
28073
28077
28119
28120
28124
28126
28147
28151
28155
28163
28164
28165
28167
28168
28170
28173
28199
28204
28206
28207
28209
28214
28217
28220
28221
28227
28232
28233
28236
28238
28240
28242
28244
28248
28253
28256
28263
28266
28270
28271
28281
28282
28285
28301
28310
28312
28313
28315
28320
28326
28327
28345
28356
28363
28369
28373
28375
28380
28381
28383
28385
28387
28388
28394
28398
28400
28412
28413
28415
28419
28424
28427
28435
28437
28440
28452
28455
28462
28469
28473
28479
28482
28484
28485
28487
28488
28489
28492
28493
28499
28502
28504
28505
28506
28519
28521
28525
28533
28534
28542
28543
28551
28556
28558
28560
28563
28567
28571
28573
28582
28585
28592
28593
28599
28608
28610
28613
28614
28618
28620
28624
28626
28627
28629
28633
28644
28647
28648
28652
28656
28657
28662
28664
28673
28674
28675
28691
28692
28697
28703
28707
28708
28709
28710
28711
28715
28718
28722
28723
28728
28729
28731
28735
28740
28744
28745
28748
28749
28753
28756
28761
28762
28767
28774
28776
28781
28782
28784
28786
28790
28792
28797
28804
28806
28807
28808
28810
28813
28819
28823
28824
28834
28835
28836
28841
28843
28846
28856
28858
28861
28863
28864
28867
28868
28870
28872
28875
28878
28881
28885
28886
28887
28893
28895
28898
28899
28905
28910
28911
28922
28923
28925
28944
28947
28948
28955
28960
28963
28969
28970
28972
28975
28976
28977
28978
29006
29015
29020
29027
29028
29035
29039
29040
29047
29049
29055
29064
29065
29066
29068
29073
29075
29080
29086
29096
29097
29098
29103
29106
29107
29108
29109
29122
29124
29125
29155
29167
29172
29173
29175
29180
29185
29189
29192
29193
29200
29201
29208
29210
29219
29221
29231
29238
29239
29240
29241
29244
29248
29249
29250
29252
29260
29274
29281
29282
29285
29291
29295
29302
29304
29305
29306
29310
29318
29322
29325
29331
29356
29359
29370
29377
29385
29386
29400
29408
29409
29412
29413
29414
29415
29418
29423
29424
29432
29433
29435
29436
29438
29447
29456
29457
29461
29462
29464
29469
29478
29479
29481
29482
29483
29485
29487
29488
29489
29490
29499
29508
29514
29519
29522
29523
29524
29526
29527
29530
29532
29547
29550
29556
29558
29577
29579
29584
29585
29587
29591
29597
29598
29599
29600
29604
29605
29610
29614
29618
29622
29623
29624
29633
29636
29639
29644
29650
29654
29655
29656
29657
29663
29664
29666
29677
29681
29686
29689
29692
29700
29710
29712
29715
29717
29721
29724
29725
29729
29730
29740
29742
29744
29748
29751
29756
29758
29759
29769
29775
29776
29782
29792
29794
29795
29797
29798
29799
29808
29818
29824
29827
29828
29830
29833
29836
29837
29839
29841
29849
29852
29862
29867
29869
29872
29876
29878
29879
29885
29887
29889
29892
29893
29894
29898
29899
29902
29907
29911
29913
29921
29923
29928
29932
29938
29939
29942
29943
29947
29949
29961
29964
29967
29968
29969
29975
29976
29977
29981
30002
30008
30034
30038
30040
30042
30046
30049
30054
30055
30062
30073
30074
30079
30101
30124
30131
30132
30137
30154
30161
30163
30164
30165
30166
30167
30168
30170
30175
30176
30183
30187
30192
30196
30197
30206
30207
30209
30211
30213
30220
30221
30222
30224
30226
30237
30240
30247
30260
30265
30269
30271
30272
30277
30281
30282
30287
30310
30311
30316
30342
30353
30356
30360
30366
30377
30381
30383
30386
30399
30409
30411
30412
30413
30414
30415
30422
30423
30425
30427
30435
30437
30438
30444
30445
30446
30447
30454
30455
30461
30462
30463
30464
30465
30469
30470
30477
30478
30479
30481
30482
30483
30484
30486
30488
30493
30494
30497
30499
30501
30502
30503
30505
30513
30516
30519
30523
30524
30526
30527
30532
30535
30536
30543
30545
30547
30549
30552
30553
30566
30572
30574
30577
30578
30579
30585
30587
30589
30595
30597
30599
30600
30619
30623
30624
30631
30633
30634
30636
30637
30638
30639
30643
30652
30654
30656
30659
30664
30675
30676
30677
30681
30683
30689
30694
30695
30699
30702
30703
30705
30712
30717
30718
30721
30730
30733
30741
30742
30744
30747
30749
30754
30756
30759
30761
30764
30772
30782
30784
30787
30790
30795
30805
30806
30809
30810
30811
30813
30818
30819
30824
30829
30830
30832
30834
30837
30838
30839
30841
30842
30846
30851
30870
30878
30882
30885
30895
30899
30907
30914
30917
30923
30928
30930
30933
30945
30946
30952
30954
30957
30961
30963
30968
30969
30970
30972
30976
30977
30978
30979
30992
30998
30999
31008
31015
31032
31034
31040
31042
31044
31047
31054
31055
31060
31062
31066
31067
31072
31087
31092
31104
31106
31112
31118
31121
31125
31128
31133
31142
31149
31167
31172
31176
31180
31184
31185
31186
31187
31188
31189
31194
31197
31199
31210
31219
31222
31226
31227
31233
31237
31241
31246
31248
31249
31252
31257
31266
31271
31272
31273
31277
31282
31288
31289
31292
31297
31302
31303
31304
31318
31328
31330
31342
31343
31355
31356
31358
31366
31377
31383
31386
31395
31400
31402
31408
31413
31414
31419
31422
31424
31435
31436
31441
31442
31446
31453
31454
31465
31468
31469
31478
31479
31481
31487
31488
31499
31504
31508
31511
31514
31516
31523
31526
31527
31531
31539
31541
31544
31546
31549
31550
31551
31553
31555
31556
31564
31567
31569
31572
31577
31581
31585
31587
31590
31591
31594
31595
31598
31599
31600
31602
31603
31618
31620
31621
31623
31624
31628
31633
31634
31635
31636
31638
31647
31652
31654
31656
31659
31660
31662
31663
31664
31667
31669
31670
31672
31673
31675
31676
31681
31684
31689
31692
31696
31697
31700
31703
31705
31707
31711
31712
31715
31725
31728
31729
31730
31735
31738
31740
31743
31747
31750
31756
31760
31761
31766
31767
31773
31775
31777
31778
31780
31787
31793
31795
31798
31804
31806
31813
31815
31817
31818
31824
31827
31828
31834
31835
31836
31837
31838
31844
31846
31848
31849
31850
31851
31854
31857
31860
31861
31862
31865
31872
31875
31876
31879
31880
31882
31883
31893
31899
31903
31906
31907
31909
31911
31912
31917
31924
31926
31930
31947
31950
31964
31966
31968
31970
31972
31973
31975
31982
31990
31994
31999
32000
32026
32032
32036
32042
32044
32045
32062
32066
32068
32070
32086
32116
32119
32124
32127
32132
32138
32155
32163
32165
32166
32170
32177
32184
32185
32186
32198
32199
32206
32211
32222
32224
32226
32230
32231
32235
32236
32238
32240
32241
32246
32250
32268
32272
32273
32281
32297
32298
32299
32312
32334
32343
32348
32349
32358
32366
32374
32377
32385
32389
32390
32394
32395
32398
32399
32400
32402
32406
32412
32414
32415
32419
32422
32427
32432
32441
32449
32452
32460
32461
32463
32464
32465
32474
32477
32479
32483
32485
32488
32489
32490
32493
32498
32499
32501
32503
32504
32505
32508
32511
32513
32523
32525
32526
32527
32529
32538
32541
32542
32543
32545
32549
32550
32566
32577
32582
32583
32587
32588
32590
32593
32596
32598
32600
32612
32613
32619
32620
32623
32631
32632
32633
32635
32638
32639
32644
32649
32651
32652
32654
32655
32656
32657
32658
32662
32663
32664
32667
32671
32673
32683
32689
32691
32692
32706
32708
32710
32725
32726
32730
32735
32737
32741
32743
32745
32747
32748
32750
32752
32758
32764
32767
32768
32769
32771
32774
32777
32784
32786
32790
32794
32798
32799
32801
32804
32810
32814
32818
32823
32824
32825
32835
32836
32837
32841
32845
32858
32861
32865
32867
32869
32876
32877
32878
32883
32884
32885
32889
32894
32897
32899
32906
32907
32914
32919
32921
32923
32925
32928
32930
32940
32947
32951
32960
32961
32962
32964
32965
32966
32969
32970
32976
32979
32980
32987
33006
33007
33020
33026
33027
33031
33032
33034
33036
33037
33044
33046
33047
33052
33062
33067
33077
33079
33081
33086
33109
33119
33124
33134
33140
33153
33155
33158
33161
33163
33165
33168
33173
33179
33182
33183
33188
33191
33192
33202
33206
33226
33235
33236
33237
33246
33248
33251
33278
33280
33282
33285
33286
33290
33297
33302
33303
33304
33310
33313
33314
33315
33335
33338
33345
33353
33356
33380
33381
33386
33393
33406
33412
33414
33419
33422
33424
33427
33431
33433
33434
33436
33442
33443
33444
33445
33446
33454
33456
33460
33464
33469
33470
33478
33482
33483
33485
33486
33488
33490
33492
33494
33498
33504
33505
33508
33513
33514
33519
33520
33524
33526
33527
33530
33531
33532
33534
33539
33540
33541
33542
33543
33547
33548
33555
33567
33578
33579
33584
33589
33600
33608
33609
33617
33620
33622
33623
33632
33633
33635
33636
33638
33641
33643
33647
33649
33650
33653
33656
33657
33658
33659
33660
33665
33666
33669
33673
33675
33677
33678
33681
33696
33702
33718
33725
33731
33736
33737
33744
33745
33746
33751
33752
33753
33760
33769
33772
33773
33777
33782
33785
33786
33788
33790
33792
33794
33795
33796
33797
33799
33806
33807
33808
33809
33810
33813
33824
33828
33830
33831
33834
33835
33836
33837
33839
33840
33842
33843
33848
33849
33851
33852
33855
33856
33857
33858
33864
33866
33871
33880
33883
33885
33889
33891
33895
33897
33898
33901
33904
33905
33907
33910
33911
33919
33922
33923
33925
33936
33939
33941
33942
33947
33950
33951
33963
33965
33966
33968
33969
33972
33973
33982
33987
33992
33998
33999
34004
34007
34010
34011
34026
34027
34032
34060
34062
34063
34066
34068
34071
34077
34078
34081
34086
34094
34103
34106
34110
34117
34120
34121
34122
34128
34140
34152
34153
34159
34161
34163
34165
34167
34189
34192
34193
34198
34206
34207
34209
34215
34221
34222
34224
34230
34231
34232
34238
34241
34243
34246
34250
34266
34267
34271
34277
34281
34285
34296
34298
34306
34318
34330
34332
34337
34342
34347
34349
34354
34355
34356
34360
34372
34377
34383
34385
34394
34395
34400
34402
34411
34414
34415
34424
34429
34435
34436
34438
34445
34446
34447
34461
34468
34469
34470
34476
34477
34478
34479
34480
34481
34482
34484
34485
34488
34489
34490
34498
34499
34501
34504
34508
34513
34514
34520
34523
34526
34527
34530
34532
34538
34542
34544
34545
34546
34549
34551
34556
34558
34567
34572
34577
34578
34584
34585
34587
34590
34597
34600
34602
34616
34620
34622
34624
34626
34629
34630
34632
34633
34634
34636
34637
34638
34639
34641
34647
34648
34651
34654
34655
34663
34664
34665
34666
34667
34668
34669
34673
34675
34676
34677
34681
34687
34689
34691
34693
34698
34702
34708
34711
34714
34725
34728
34729
34731
34733
34734
34735
34737
34739
34742
34745
34747
34748
34752
34767
34770
34772
34773
34775
34782
34789
34792
34794
34797
34799
34805
34808
34809
34813
34814
34817
34818
34823
34826
34828
34830
34834
34835
34836
34837
34841
34844
34845
34852
34860
34869
34872
34876
34879
34882
34885
34894
34899
34901
34902
34905
34906
34907
34908
34911
34912
34916
34918
34919
34921
34923
34925
34929
34934
34943
34945
34947
34951
34956
34960
34961
34962
34966
34969
34975
34976
34978
34982
34987
34990
34994
34999
35000
35004
35026
35027
35033
35035
35044
35052
35054
35055
35056
35059
35061
35062
35063
35067
35068
35073
35074
35081
35082
35084
35091
35096
35108
35114
35134
35137
35150
35157
35158
35160
35165
35166
35167
35168
35180
35186
35189
35205
35211
35221
35223
35225
35226
35240
35256
35265
35266
35271
35273
35274
35277
35281
35282
35285
35287
35306
35307
35309
35313
35318
35319
35324
35328
35341
35346
35359
35367
35371
35374
35378
35387
35390
35391
35412
35415
35418
35424
35429
35434
35435
35438
35439
35441
35442
35443
35451
35452
35453
35454
35455
35456
35459
35461
35470
35474
35478
35479
35482
35485
35486
35490
35493
35498
35502
35504
35507
35509
35511
35513
35526
35527
35531
35532
35534
35536
35541
35546
35549
35550
35555
35557
35558
35560
35572
35579
35580
35588
35591
35596
35598
35600
35612
35615
35617
35618
35619
35620
35624
35626
35627
35632
35635
35637
35639
35643
35646
35648
35650
35657
35658
35662
35663
35667
35670
35671
35672
35678
35680
35683
35689
35692
35699
35705
35706
35707
35708
35710
35718
35730
35731
35738
35740
35748
35750
35751
35754
35767
35775
35778
35780
35782
35784
35792
35807
35810
35813
35814
35819
35824
35827
35829
35834
35835
35836
35837
35838
35839
35841
35844
35849
35860
35861
35865
35868
35869
35876
35883
35884
35885
35892
35893
35895
35898
35903
35904
35909
35918
35925
35927
35928
35930
35947
35948
35962
35964
35966
35967
35968
35978
35979
35980
35983
35991
35996
35997
36000
36020
36025
36026
36035
36036
36040
36042
36044
36049
36052
36060
36062
36063
36064
36068
36073
36074
36089
36098
36108
36113
36134
36145
36151
36152
36156
36158
36159
36162
36163
36165
36167
36169
36180
36202
36208
36212
36213
36220
36226
36231
36232
36237
36238
36240
36242
36246
36250
36264
36265
36266
36278
36280
36281
36282
36287
36288
36304
36309
36310
36311
36314
36330
36331
36337
36341
36345
36352
36353
36356
36366
36369
36374
36381
36382
36385
36393
36395
36396
36400
36402
36404
36406
36408
36409
36412
36413
36426
36427
36429
36435
36445
36446
36447
36453
36457
36465
36469
36473
36474
36481
36485
36488
36493
36497
36503
36505
36509
36516
36519
36523
36524
36526
36527
36529
36536
36538
36542
36548
36553
36556
36564
36568
36575
36584
36586
36588
36590
36596
36598
36600
36601
36602
36608
36609
36616
36617
36618
36620
36623
36631
36632
36633
36636
36638
36639
36644
36647
36649
36650
36651
36656
36657
36660
36662
36663
36665
36667
36673
36674
36675
36676
36678
36681
36686
36688
36689
36691
36692
36694
36700
36705
36708
36711
36719
36727
36728
36729
36731
36733
36734
36736
36737
36740
36741
36744
36747
36748
36750
36762
36768
36772
36773
36776
36777
36780
36782
36783
36784
36786
36788
36792
36804
36810
36818
36819
36820
36824
36826
36827
36830
36836
36837
36838
36844
36846
36848
36850
36852
36856
36857
36859
36862
36868
36871
36878
36880
36891
36904
36905
36906
36908
36909
36911
36919
36928
36935
36946
36947
36950
36953
36959
36966
36968
36969
36972
36973
36975
36981
36982
36999
37003
37011
37022
37030
37031
37034
37044
37045
37049
37050
37054
37055
37056
37057
37059
37060
37062
37064
37068
37074
37077
37078
37080
37086
37112
37116
37120
37134
37155
37161
37163
37168
37170
37185
37190
37197
37202
37204
37205
37209
37212
37215
37226
37232
37238
37240
37246
37252
37253
37257
37261
37266
37285
37299
37300
37305
37308
37311
37312
37313
37319
37320
37335
37345
37346
37348
37358
37370
37371
37381
37382
37390
37402
37403
37408
37412
37413
37414
37426
37438
37441
37443
37445
37449
37455
37456
37461
37462
37465
37468
37469
37474
37475
37476
37479
37482
37485
37488
37489
37490
37493
37497
37505
37506
37509
37512
37513
37514
37516
37518
37523
37525
37527
37529
37536
37539
37540
37558
37566
37567
37568
37572
37574
37585
37593
37598
37599
37605
37606
37608
37620
37623
37624
37632
37633
37638
37639
37647
37648
37650
37652
37656
37658
37660
37662
37663
37664
37668
37671
37674
37677
37678
37681
37689
37693
37696
37697
37698
37699
37709
37710
37718
37720
37728
37732
37737
37740
37742
37745
37747
37749
37751
37757
37762
37764
37765
37774
37775
37778
37782
37783
37784
37785
37788
37790
37797
37802
37806
37808
37810
37812
37813
37826
37827
37830
37837
37839
37843
37844
37846
37848
37855
37856
37857
37859
37866
37876
37878
37881
37883
37889
37899
37901
37907
37908
37917
37918
37921
37923
37924
37939
37940
37943
37950
37967
37969
37970
37971
37972
37976
37978
37981
37982
37987
38020
38034
38035
38040
38048
38052
38058
38061
38062
38065
38073
38078
38084
38103
38108
38111
38118
38120
38123
38126
38133
38147
38150
38153
38164
38165
38166
38167
38168
38169
38172
38173
38174
38179
38180
38190
38191
38193
38195
38197
38200
38208
38212
38219
38220
38221
38227
38231
38232
38237
38238
38242
38243
38245
38248
38264
38266
38267
38271
38273
38278
38280
38281
38285
38298
38301
38306
38309
38311
38329
38330
38331
38342
38345
38346
38348
38353
38356
38359
38362
38374
38378
38379
38401
38402
38414
38415
38419
38427
38428
38429
38431
38434
38435
38437
38446
38454
38459
38461
38464
38465
38468
38477
38478
38479
38480
38482
38485
38487
38488
38493
38498
38501
38503
38505
38507
38508
38513
38515
38518
38520
38522
38524
38526
38534
38536
38538
38539
38540
38542
38544
38549
38552
38553
38559
38566
38569
38570
38574
38578
38581
38584
38585
38586
38614
38620
38622
38623
38631
38633
38635
38638
38639
38643
38650
38656
38663
38665
38667
38675
38676
38678
38680
38681
38689
38691
38699
38700
38704
38709
38710
38722
38725
38729
38730
38733
38735
38738
38740
38741
38742
38744
38746
38747
38752
38759
38761
38762
38764
38767
38771
38772
38781
38787
38788
38791
38794
38804
38806
38808
38809
38813
38819
38823
38825
38826
38828
38831
38832
38833
38834
38836
38837
38839
38841
38844
38860
38864
38867
38868
38876
38879
38883
38885
38886
38893
38894
38898
38899
38904
38905
38907
38909
38911
38914
38919
38921
38925
38930
38932
38935
38942
38945
38946
38947
38949
38954
38960
38961
38962
38966
38967
38969
38970
38977
38978
38982
38987
38990
38997
39005
39006
39026
39032
39033
39034
39035
39036
39040
39041
39045
39046
39051
39053
39054
39058
39060
39062
39065
39066
39068
39072
39073
39074
39075
39101
39103
39108
39116
39120
39128
39155
39158
39165
39167
39171
39173
39180
39182
39193
39196
39200
39201
39202
39209
39218
39224
39230
39231
39238
39240
39241
39248
39250
39264
39265
39266
39269
39271
39276
39278
39280
39282
39302
39303
39304
39310
39312
39320
39329
39334
39337
39341
39345
39346
39349
39356
39360
39368
39372
39374
39375
39378
39394
39395
39400
39411
39413
39414
39415
39418
39421
39423
39424
39431
39435
39441
39446
39453
39454
39459
39463
39468
39469
39477
39478
39479
39483
39492
39493
39494
39497
39499
39503
39505
39507
39508
39509
39511
39520
39523
39529
39531
39532
39536
39538
39544
39545
39549
39552
39556
39558
39573
39579
39581
39582
39584
39585
39589
39590
39593
39596
39601
39602
39604
39605
39612
39615
39619
39620
39623
39631
39632
39633
39637
39638
39639
39642
39644
39653
39656
39657
39663
39668
39673
39674
39677
39684
39686
39688
39689
39691
39704
39705
39706
39716
39717
39721
39724
39728
39729
39730
39735
39740
39742
39744
39746
39747
39748
39749
39754
39755
39758
39761
39767
39769
39770
39772
39776
39777
39782
39785
39791
39792
39793
39809
39811
39812
39813
39815
39818
39822
39833
39834
39836
39841
39844
39857
39859
39869
39871
39876
39883
39885
39887
39898
39899
39906
39907
39910
39912
39913
39924
39925
39928
39944
39952
39959
39960
39961
39966
39968
39969
39970
39972
39975
39977
39978
39987
39998
40030
40036
40040
40045
40050
40060
40062
40066
40067
40068
40073
40075
40081
40098
40112
40115
40126
40143
40156
40159
40160
40163
40165
40166
40168
40170
40172
40180
40188
40189
40192
40195
40196
40203
40204
40207
40216
40221
40226
40232
40248
40249
40250
40260
40267
40277
40293
40302
40304
40311
40319
40328
40341
40347
40353
40356
40357
40373
40374
40377
40380
40381
40393
40400
40401
40404
40405
40411
40413
40415
40418
40420
40424
40427
40430
40435
40438
40442
40445
40446
40453
40454
40461
40465
40468
40470
40478
40479
40488
40489
40492
40493
40497
40501
40502
40503
40504
40505
40508
40509
40513
40517
40521
40525
40526
40529
40534
40536
40542
40543
40544
40550
40558
40562
40563
40566
40567
40573
40578
40584
40586
40587
40589
40590
40592
40596
40600
40604
40608
40614
40618
40619
40622
40629
40631
40632
40636
40638
40640
40643
40646
40650
40651
40654
40655
40657
40660
40664
40665
40668
40675
40677
40681
40685
40686
40687
40689
40690
40697
40703
40705
40706
40711
40718
40726
40731
40733
40734
40742
40743
40744
40750
40762
40763
40764
40766
40767
40769
40774
40776
40782
40787
40789
40791
40799
40808
40809
40811
40813
40824
40827
40828
40831
40833
40834
40836
40841
40846
40854
40856
40858
40859
40860
40861
40864
40866
40867
40868
40869
40871
40875
40881
40882
40885
40887
40889
40893
40898
40903
40904
40905
40906
40907
40908
40909
40912
40921
40925
40929
40931
40935
40938
40943
40950
40951
40961
40962
40963
40964
40970
40973
40975
40976
40978
40979
40987
40992
40998
40999
41001
41006
41016
41026
41035
41036
41039
41041
41042
41044
41046
41048
41053
41058
41060
41061
41062
41068
41072
41073
41075
41078
41105
41108
41118
41122
41124
41127
41131
41139
41145
41149
41150
41157
41158
41163
41167
41170
41173
41175
41179
41184
41185
41193
41195
41196
41197
41198
41200
41205
41208
41210
41213
41236
41240
41247
41248
41249
41254
41256
41268
41272
41277
41278
41282
41284
41290
41297
41298
41302
41303
41305
41307
41311
41315
41329
41330
41338
41342
41345
41348
41357
41358
41367
41371
41377
41381
41382
41384
41386
41394
41395
41399
41400
41408
41413
41414
41415
41424
41428
41429
41431
41433
41442
41446
41450
41451
41454
41455
41464
41465
41478
41481
41486
41488
41493
41497
41499
41501
41505
41507
41508
41509
41511
41524
41526
41527
41530
41532
41537
41541
41542
41543
41544
41550
41553
41556
41557
41567
41579
41582
41588
41590
41600
41601
41606
41618
41620
41623
41627
41631
41632
41633
41635
41636
41637
41638
41647
41648
41652
41656
41660
41661
41664
41669
41670
41673
41675
41678
41681
41682
41687
41690
41695
41697
41700
41705
41708
41710
41717
41718
41727
41729
41735
41737
41739
41760
41762
41763
41765
41771
41772
41774
41776
41777
41780
41782
41784
41787
41790
41792
41804
41806
41809
41810
41811
41813
41814
41815
41817
41818
41826
41833
41834
41835
41836
41837
41838
41842
41844
41845
41846
41848
41849
41857
41858
41865
41866
41868
41881
41882
41885
41887
41888
41892
41893
41896
41904
41906
41907
41908
41909
41910
41920
41924
41925
41929
41931
41934
41936
41950
41960
41961
41964
41966
41967
41974
41975
41979
41994
41998
42021
42026
42039
42040
42046
42055
42064
42068
42073
42079
42081
42096
42099
42101
42104
42113
42114
42123
42124
42126
42128
42140
42154
42158
42165
42167
42174
42176
42182
42201
42204
42205
42208
42211
42218
42223
42230
42237
42238
42248
42253
42265
42266
42271
42277
42280
42281
42282
42302
42303
42305
42310
42314
42315
42319
42338
42341
42345
42358
42360
42377
42378
42385
42395
42400
42406
42408
42416
42421
42435
42438
42440
42441
42443
42446
42453
42461
42465
42467
42468
42469
42470
42479
42482
42488
42493
42499
42500
42502
42504
42505
42507
42508
42511
42516
42519
42520
42525
42526
42529
42530
42531
42539
42549
42556
42577
42580
42585
42587
42598
42600
42602
42607
42617
42618
42620
42621
42622
42623
42624
42631
42635
42636
42638
42639
42650
42656
42657
42663
42664
42674
42675
42681
42683
42693
42695
42706
42707
42709
42710
42716
42725
42728
42731
42732
42733
42737
42742
42744
42748
42751
42752
42753
42757
42758
42761
42764
42769
42770
42784
42787
42790
42794
42798
42811
42813
42820
42826
42827
42832
42834
42836
42837
42838
42841
42844
42846
42848
42851
42859
42860
42865
42868
42870
42877
42883
42885
42887
42888
42889
42894
42895
42898
42902
42903
42904
42906
42909
42919
42921
42923
42926
42932
42935
42942
42952
42956
42960
42962
42963
42965
42968
42969
42971
42972
42975
42978
42987
42998
43002
43005
43007
43008
43018
43029
43032
43033
43038
43046
43049
43054
43066
43074
43096
43125
43136
43153
43158
43163
43168
43179
43183
43185
43188
43191
43196
43199
43201
43232
43240
43248
43250
43252
43256
43264
43265
43266
43267
43282
43285
43287
43290
43296
43305
43310
43313
43316
43325
43328
43330
43336
43341
43342
43346
43348
43352
43356
43358
43368
43369
43379
43380
43382
43385
43394
43399
43400
43402
43404
43408
43411
43412
43413
43415
43416
43427
43428
43431
43434
43435
43438
43441
43442
43445
43453
43456
43461
43462
43464
43465
43468
43469
43470
43471
43473
43478
43482
43484
43485
43486
43487
43492
43493
43502
43504
43507
43513
43514
43516
43520
43526
43527
43536
43539
43541
43546
43549
43558
43562
43567
43568
43572
43580
43581
43590
43593
43597
43599
43600
43608
43613
43616
43618
43620
43622
43624
43628
43631
43632
43633
43635
43638
43639
43643
43645
43649
43650
43653
43656
43659
43660
43662
43663
43664
43665
43673
43675
43677
43681
43683
43689
43694
43695
43698
43700
43702
43705
43706
43712
43721
43722
43726
43728
43729
43733
43742
43744
43746
43747
43748
43751
43752
43761
43764
43767
43769
43773
43774
43775
43778
43782
43788
43790
43792
43796
43802
43804
43808
43810
43815
43818
43828
43836
43837
43838
43841
43842
43844
43845
43848
43849
43856
43857
43859
43863
43868
43882
43883
43885
43888
43894
43897
43903
43911
43917
43921
43931
43955
43963
43968
43976
43978
43987
43997
43999
44005
44016
44022
44026
44029
44030
44032
44034
44035
44040
44044
44060
44074
44081
44086
44093
44120
44122
44124
44125
44134
44138
44141
44150
44154
44158
44163
44168
44170
44173
44179
44188
44189
44196
44199
44201
44202
44204
44213
44215
44216
44219
44221
44226
44227
44231
44234
44240
44243
44245
44247
44249
44266
44277
44278
44282
44285
44287
44289
44293
44295
44299
44314
44317
44323
44327
44330
44341
44345
44356
44358
44367
44374
44379
44381
44385
44386
44390
44394
44405
44406
44408
44409
44414
44418
44421
44427
44429
44441
44444
44447
44460
44461
44464
44467
44470
44478
44482
44484
44487
44488
44489
44497
44498
44499
44501
44503
44504
44510
44512
44515
44516
44518
44519
44520
44524
44531
44534
44538
44541
44542
44544
44549
44556
44564
44567
44568
44572
44577
44578
44583
44584
44588
44589
44595
44598
44599
44600
44606
44611
44612
44616
44617
44619
44620
44623
44624
44627
44635
44636
44637
44638
44639
44643
44644
44648
44655
44656
44658
44660
44662
44663
44665
44672
44677
44679
44681
44686
44689
44691
44693
44699
44703
44706
44708
44710
44717
44719
44720
44721
44724
44727
44730
44731
44733
44738
44740
44742
44744
44745
44748
44755
44760
44766
44767
44769
44773
44782
44784
44790
44791
44793
44794
44799
44806
44807
44809
44811
44818
44824
44825
44829
44830
44834
44835
44837
44838
44839
44848
44853
44861
44873
44875
44876
44878
44882
44885
44898
44899
44901
44903
44907
44911
44914
44923
44925
44928
44929
44930
44931
44933
44934
44935
44941
44945
44951
44952
44958
44960
44961
44966
44967
44968
44969
44971
44976
44978
44982
44987
44994
44999
45006
45030
45031
45043
45045
45049
45052
45053
45059
45060
45062
45069
45073
45078
45079
45101
45103
45104
45106
45107
45116
45123
45134
45138
45152
45154
45155
45158
45161
45167
45173
45180
45186
45191
45198
45202
45204
45206
45211
45212
45218
45220
45225
45235
45248
45249
45257
45265
45268
45277
45285
45301
45305
45310
45312
45345
45348
45351
45355
45359
45361
45371
45374
45375
45377
45378
45380
45383
45384
45385
45394
45395
45398
45402
45405
45428
45429
45433
45435
45436
45440
45445
45459
45463
45464
45469
45477
45478
45488
45497
45499
45501
45503
45505
45509
45516
45523
45539
45546
45549
45551
45554
45567
45574
45578
45579
45586
45587
45590
45597
45601
45608
45614
45618
45619
45621
45622
45623
45631
45633
45635
45638
45639
45644
45647
45650
45651
45653
45654
45656
45658
45660
45663
45665
45668
45675
45677
45682
45686
45689
45691
45692
45693
45706
45708
45724
45725
45728
45748
45749
45751
45753
45754
45759
45760
45765
45767
45772
45775
45782
45784
45793
45799
45806
45810
45811
45813
45817
45818
45825
45828
45836
45837
45838
45839
45842
45854
45855
45857
45860
45861
45864
45865
45878
45892
45894
45898
45899
45903
45904
45906
45908
45910
45918
45923
45926
45927
45928
45939
45948
45954
45957
45960
45966
45969
45971
45974
45977
45978
45980
45981
45996
45997
45998
45999
46002
46007
46010
46015
46026
46027
46034
46045
46054
46060
46061
46064
46066
46067
46068
46073
46075
46079
46086
46101
46105
46108
46116
46117
46119
46120
46124
46152
46164
46166
46167
46168
46172
46181
46182
46184
46193
46196
46205
46211
46212
46217
46220
46224
46231
46237
46241
46242
46246
46249
46250
46253
46256
46266
46273
46274
46276
46281
46282
46287
46298
46300
46301
46303
46304
46312
46313
46315
46319
46330
46338
46341
46355
46356
46358
46368
46381
46385
46386
46393
46400
46409
46410
46413
46414
46416
46421
46422
46435
46440
46444
46446
46456
46457
46464
46478
46479
46480
46481
46482
46488
46490
46498
46505
46506
46507
46509
46511
46513
46515
46517
46519
46525
46534
46536
46541
46550
46551
46557
46578
46580
46585
46587
46588
46596
46597
46598
46600
46601
46602
46610
46619
46620
46623
46638
46644
46649
46652
46653
46660
46663
46664
46665
46670
46673
46675
46676
46677
46681
46689
46691
46692
46693
46696
46697
46702
46709
46710
46712
46720
46725
46728
46731
46733
46735
46737
46742
46744
46745
46747
46748
46750
46753
46758
46761
46762
46764
46765
46767
46777
46778
46782
46787
46790
46793
46794
46796
46804
46809
46810
46811
46813
46815
46818
46824
46830
46833
46836
46838
46843
46845
46846
46850
46855
46856
46857
46860
46862
46864
46865
46866
46869
46870
46871
46876
46879
46883
46887
46894
46896
46898
46899
46900
46901
46902
46906
46917
46918
46919
46921
46923
46925
46926
46928
46929
46936
46937
46942
46960
46966
46968
46969
46971
46975
46976
46992
46998
47026
47028
47032
47038
47039
47041
47049
47050
47055
47058
47060
47061
47064
47068
47073
47080
47083
47098
47101
47108
47110
47114
47124
47134
47137
47150
47163
47164
47165
47168
47172
47181
47185
47187
47188
47191
47196
47200
47204
47208
47212
47221
47222
47236
47240
47247
47257
47261
47265
47282
47285
47288
47290
47309
47339
47341
47345
47349
47352
47356
47358
47371
47373
47375
47385
47386
47389
47391
47392
47399
47400
47402
47406
47412
47413
47416
47425
47426
47427
47442
47444
47451
47452
47463
47464
47469
47470
47478
47479
47480
47482
47485
47488
47489
47496
47501
47504
47514
47523
47532
47535
47541
47542
47544
47549
47555
47556
47563
47567
47570
47571
47575
47578
47584
47587
47591
47592
47596
47599
47600
47601
47608
47618
47620
47622
47624
47627
47631
47632
47633
47637
47638
47639
47643
47650
47655
47659
47662
47663
47667
47669
47676
47678
47681
47683
47689
47697
47705
47714
47725
47729
47733
47740
47741
47745
47750
47751
47754
47756
47767
47771
47772
47775
47776
47779
47782
47784
47788
47790
47794
47797
47799
47801
47808
47810
47811
47817
47834
47837
47842
47844
47848
47850
47851
47856
47857
47858
47859
47864
47870
47875
47876
47879
47882
47884
47885
47888
47889
47892
47897
47898
47899
47901
47905
47908
47909
47912
47925
47931
47937
47942
47947
47951
47960
47963
47965
47967
47968
47969
47977
47987
47999
48005
48007
48021
48026
48028
48031
48032
48033
48049
48052
48055
48056
48059
48060
48063
48066
48068
48070
48072
48074
48079
48086
48087
48088
48093
48101
48105
48107
48112
48117
48120
48131
48144
48164
48165
48167
48170
48172
48181
48187
48188
48192
48199
48201
48204
48206
48220
48224
48226
48228
48240
48241
48242
48246
48250
48264
48269
48281
48282
48285
48297
48298
48299
48312
48313
48314
48337
48341
48353
48357
48359
48361
48368
48369
48371
48374
48380
48381
48390
48397
48398
48401
48407
48409
48412
48415
48422
48423
48431
48443
48445
48447
48448
48453
48461
48462
48463
48464
48465
48474
48475
48481
48482
48489
48493
48494
48495
48497
48501
48508
48513
48516
48521
48522
48524
48534
48538
48539
48540
48541
48545
48549
48550
48551
48556
48558
48570
48571
48577
48581
48582
48584
48585
48588
48589
48592
48596
48597
48598
48600
48602
48612
48620
48622
48625
48631
48632
48633
48635
48637
48638
48644
48646
48647
48651
48652
48654
48655
48656
48657
48660
48663
48664
48667
48681
48684
48691
48692
48693
48695
48696
48700
48706
48709
48710
48712
48718
48725
48726
48727
48729
48733
48737
48738
48740
48741
48745
48759
48762
48763
48764
48773
48782
48784
48788
48792
48794
48795
48796
48799
48810
48813
48818
48824
48830
48831
48834
48836
48844
48846
48848
48850
48851
48854
48856
48860
48862
48868
48869
48885
48892
48895
48899
48901
48902
48906
48907
48909
48915
48917
48922
48923
48925
48928
48931
48933
48949
48954
48961
48968
48969
48975
48978
48996
48997
48998
48999
49020
49023
49028
49032
49040
49043
49058
49059
49062
49064
49066
49067
49073
49077
49078
49080
49083
49084
49086
49089
49108
49112
49119
49121
49122
49124
49126
49138
49150
49153
49154
49163
49164
49165
49168
49170
49176
49177
49185
49187
49190
49193
49198
49202
49203
49207
49210
49211
49227
49240
49246
49251
49262
49263
49264
49266
49280
49281
49282
49285
49292
49301
49309
49314
49322
49325
49327
49331
49340
49349
49356
49358
49359
49374
49377
49380
49381
49384
49392
49399
49400
49402
49404
49405
49413
49414
49418
49436
49438
49444
49449
49459
49461
49462
49469
49474
49482
49484
49489
49490
49492
49493
49499
49501
49502
49504
49509
49514
49516
49525
49526
49531
49536
49538
49541
49542
49558
49563
49567
49577
49585
49586
49587
49590
49597
49600
49603
49605
49606
49618
49623
49627
49628
49632
49633
49636
49638
49639
49641
49648
49651
49655
49657
49659
49660
49663
49670
49673
49675
49676
49680
49681
49689
49693
49700
49702
49705
49708
49709
49710
49714
49715
49717
49718
49722
49723
49725
49726
49733
49735
49740
49742
49747
49748
49754
49755
49756
49759
49760
49762
49764
49765
49773
49777
49782
49787
49793
49798
49799
49801
49805
49809
49810
49813
49815
49818
49819
49824
49826
49827
49828
49830
49831
49835
49836
49838
49845
49848
49856
49857
49859
49864
49868
49869
49870
49875
49876
49878
49879
49884
49885
49887
49892
49893
49898
49899
49902
49906
49907
49909
49919
49921
49925
49928
49942
49944
49946
49947
49949
49958
49964
49969
49972
49973
49975
49976
49978
49981
49987
49988
49994
49996